1
2
2
2
7
10
11
12
13
19
20
23
27
36
38
41
45
52
53
55
58
58
59
59
68
70
73
73
74
75
76
76
77
77
79
79
81
81
86
89
93
95
96
97
99
102
103
103
104
106
109
113
115
117
118
122
123
127
129
134
136
137
141
142
145
145
146
152
159
165
173
175
178
179
180
184
186
190
193
201
204
208
208
211
215
215
218
219
220
220
225
230
230
230
234
237
237
240
243
247
249
249
252
252
255
255
256
257
257
257
263
266
275
276
280
280
284
286
288
289
290
290
291
294
294
303
309
311
318
319
322
331
342
354
355
356
358
362
367
372
372
372
378
382
385
385
388
395
395
395
399
403
404
407
411
412
418
420
421
426
427
427
427
430
430
431
432
433
438
440
446
447
457
459
460
461
465
467
471
474
478
486
486
487
488
490
490
491
492
494
495
496
499
501
505
509
510
513
514
519
521
524
525
527
528
529
529
538
545
549
565
568
572
573
575
579
591
600
606
606
612
615
615
615
617
618
618
625
631
634
636
645
649
658
659
660
669
670
670
675
678
680
693
694
695
695
697
698
699
706
710
711
715
717
719
724
731
732
742
746
748
749
751
753
759
762
765
767
777
778
778
784
784
789
794
795
796
796
797
798
799
800
800
801
801
803
804
805
806
808
809
809
810
821
823
834
834
841
843
847
849
854
858
865
868
880
899
900
909
910
912
914
916
920
920
922
924
927
928
930
931
934
934
935
938
939
944
945
948
951
955
959
963
966
966
971
981
982
988
988
990
991
995
998
998
1000
1002
1006
1006
1007
1008
1010
1011
1011
1012
1015
1019
1022
1029
1030
1034
1036
1039
1039
1041
1042
1044
1045
1046
1053
1055
1056
1059
1065
1069
1069
1074
1075
1083
1088
1095
1115
1120
1125
1126
1130
1131
1133
1135
1138
1147
1148
1154
1155
1156
1161
1162
1176
1184
1186
1187
1188
1202
1210
1220
1225
1227
1227
1237
1237
1237
1239
1239
1239
1244
1246
1252
1262
1269
1269
1277
1278
1279
1280
1283
1285
1286
1286
1289
1306
1307
1307
1308
1310
1319
1320
1321
1324
1337
1344
1344
1344
1351
1358
1360
1365
1366
1368
1368
1372
1379
1386
1392
1393
1396
1397
1401
1423
1429
1435
1438
1443
1443
1444
1461
1464
1466
1474
1475
1477
1488
1490
1493
1494
1494
1495
1499
1501
1502
1505
1508
1510
1512
1513
1522
1522
1528
1534
1539
1543
1543
1545
1547
1557
1561
1566
1570
1572
1574
1574
1575
1583
1584
1585
1591
1592
1596
1597
1598
1601
1601
1601
1607
1610
1612
1613
1615
1619
1628
1628
1632
1634
1640
1642
1643
1643
1648
1649
1649
1651
1659
1662
1666
1668
1671
1673
1683
1685
1701
1710
1720
1722
1724
1728
1728
1735
1737
1739
1740
1742
1744
1745
1751
1754
1763
1763
1767
1770
1774
1777
1778
1780
1782
1783
1791
1793
1795
1807
1810
1812
1815
1828
1829
1832
1837
1845
1849
1853
1855
1859
1868
1869
1871
1873
1873
1876
1879
1880
1880
1880
1881
1899
1910
1915
1917
1922
1928
1936
1944
1947
1968
1969
1971
1972
1973
1974
1974
1976
1979
1982
1982
1985
1986
1987
1987
1988
1989
1994

